0.010773 0.261000 0.254858 0.326360 0.711373
0.285778 0.797976 0.304856 0.697179 0.741047
0.461915 0.408279 0.976943 0.632715 0.398054
0.364474 0.447378 0.847354 0.277784 0.655300
0.782511 0.298406 0.858260 0.273022 0.921296
0.081253 0.760374 0.448776 0.074655 0.872878
0.496049 0.147538 0.916085 0.237838 0.838583
0.986662 0.404202 0.439361 0.090000 0.868426
0.636541 0.031736 0.479742 0.834301 0.593778
0.780415 0.429078 0.483855 0.199075 0.167840
0.287380 0.796296 0.304959 0.697378 0.744170
0.286516 0.796206 0.301047 0.698173 0.745525
0.284593 0.796488 0.297863 0.702523 0.746914
0.282096 0.796906 0.298760 0.710385 0.748133
0.277753 0.796575 0.301406 0.713008 0.751042
0.275787 0.800635 0.301827 0.712488 0.754739
0.273358 0.799345 0.298354 0.713382 0.755906
0.270691 0.798049 0.293103 0.716726 0.758574
0.271495 0.797087 0.288752 0.723583 0.763373
0.275508 0.796195 0.288633 0.728404 0.769200